31
83
49
77
87
47
11
77
35
19
43
79
89
53
69
83
93
11
39
37
71
83
49
27
61
59
33
63
45
19
87
23
93
35
65
89
87
43
13
75
71
43
61
29
43
29
47
59
57
65
21
71
59
73
49
75
13
99
87
27
45
63
19
87
55
59
63
99
11
69
27
67
21
27
89
23
65
47
87
95
11
71
51
85
59
91
79
69
31
47
95
67
21
97
75
31
87
81
39
71
93
71
71
43
47
35
53
21
11
75
45
13
25
79
95
13
97
57
81
81
95
57
67
95
67
95
29
39
77
77
69
55
17
51
31
21
69
33
59
49
91
63
61
81
65
29
59
25
51
89
37
99
81
23
17
97
85
91
79
33
23
97
67
41
89
15
35
23
67
83
69
21
51
83
47
47
75
89
85
65
33
47
91
17
81
83
63
49
45
87
75
67
21
93
83
51
87
59
91
31
97
